# SVS Engine v 4.0 Stereo Camera Parameter File



[image]
max_linelen 640 
max_lines 480 
max_decimation 1 
max_binning 2 
max_framediv 1 
gamma 0.850000 
color_right 1 
color 1 
ix 0 
iy 0 
vergence 0.000000 
rectified 1 
width 640 
height 480 
linelen 640 
lines 480 
decimation 1 
binning 1 
framediv 1 
subwindow 0 
have_rect 1 
autogain 0 
autoexposure 0 
autowhite 0 
autobrightness 0 
gain 20 
exposure 60 
contrast 50 
brightness 20 
saturation 23 
red 0 
blue 0 


[stereo]
convx 11 
convy 11 
corrxsize 21 
corrysize 21 
thresh 16 
unique 20 
lr 1 
specklediff 10 
specklesize 100 
lr 1 
ndisp 96 
dpp 16 
offx -5 
offy 0 
frame 1.000000 


[external]
Tx -69.875881 
Ty 0.190263 
Tz -0.106356 
Rx -0.003224 
Ry 0.002475 
Rz -0.000475 


[left camera]
pwidth 640 
pheight 480 
dpx 0.006000 
dpy 0.006000 
sx 1.000000 
Cx 324.339192 
Cy 272.448795 
f 482.523843 
fy 481.360348 
alpha 0.000000 
kappa1 -0.228293 
kappa2 0.133039 
kappa3 -0.068284 
tau1 -0.002657 
tau2 0.000578 
proj 
  4.810000e+002 0.000000e+000 3.226724e+002 0.000000e+000 
  0.000000e+000 4.810000e+002 2.429869e+002 0.000000e+000 
  0.000000e+000 0.000000e+000 1.000000e+000 0.000000e+000 
rect 
  9.999895e-001 -2.257012e-003 3.989100e-003 
  2.250571e-003 9.999962e-001 1.618497e-003 
  -3.992738e-003 -1.609502e-003 9.999908e-001 


[right camera]
pwidth 640 
pheight 480 
dpx 0.006000 
dpy 0.006000 
sx 1.000000 
Cx 296.098575 
Cy 213.492367 
f 480.736686 
fy 480.049489 
alpha 0.000000 
kappa1 -0.229635 
kappa2 0.092455 
kappa3 0.009750 
tau1 0.001504 
tau2 -0.001780 
proj 
  4.810000e+002 0.000000e+000 3.226724e+002 -3.361030e+004 
  0.000000e+000 4.810000e+002 2.429869e+002 0.000000e+000 
  0.000000e+000 0.000000e+000 1.000000e+000 0.000000e+000 
rect 
  9.999951e-001 -2.722873e-003 1.522072e-003 
  2.725326e-003 9.999950e-001 -1.611932e-003 
  -1.517675e-003 1.616072e-003 9.999976e-001 


[global]
GTx 0.000000 
GTy 0.000000 
GTz 0.014000 
GRx 0.010908 
GRy 0.000000 
GRz 0.000000 
